9606
7955
353153
7227
10090
7955
9606
4577
10090
3847
3702
6239
6239
6282
7227
6248
6279
3847
6279
318479
5671
318479
9337
36087
6279
6239
6282
6282
77932
176057
10090
10090
1232801
2762512
105023
392030
10212
355587
64391
9823
200917
1147741
7108
6293
7048
6645
7220
370355
9407
94029
1464854
7962
2608996
310955
495550
158441
262921
10090
931172
1534307
35670
56723
6337
200917
13262
451379
200917
200917
6337
34508
28760
6257
2011161
48144
29920
30085
33528
109280
55544
38569
166011
52283
32391
43138
121845
51637
2138241
479676
630683
392032
334426
6265
6293
519541
282301
2509291
61476
183150
38569
519541
433684
6087
387005
6303
392032
158441
861768
8019
392033
7370
1028688
65343
478820
64176
80966
55544
112090
9696
9764
307972
103827
495550
282301
885319
6293
75743
45954
7266
6087
390850
200361
1629725
282301
9888
200917
6210
85056
34765
200917
270547
9764
200917
118154
6306
419612
481459
61476
2762512
2762512
2873325
148309
88201
447135
59799
7574
34506
96644
6293
143900
6337
2762512
6257
51511
64838
8030
307972
6257
172846
100907
6290
6306
392030
188132
642074
61484
392033
9940
742174
467358
53326
2762512
990121
6252
631055
222440
13658
75366
225164
36200
10116
60296
3047
2861861
104777
433685
6306
1234261
42155
197538
317549
112090
6233
6293
30357
137246
6216
6186
84645
4572
166010
392032
62062
282301
7175
38833
370355
28930
7906
433685
407821
42155
2138241
1093978
1563983
96644
2873325
1234261
181606
270547
60191
38833
85551
1008807
2493646
230172
2762512
6984
10090
1519616
1563983
1561963
105785
137246
8030
7213
2874296
1628268
2762512
166011
2861861
2874296
91324
1963864
10090
64391
7764
2762511
37360
70667
99883
77166
2762512
299642
629360
280406
7936
280406
61472
158019
2598192
8022
166011
7217
7160
5670
135651
2094558
112090
420089
8729
1008807
51022
227884
34506
637954
8038
2608996
31234
2562239
64391
7108
1234261
104452
145388
38833
392032
2903
1979941
75934
77166
2727403
28760
75913
84645
64391
392032
559515
282301
77166
8022
136037
6257
2903
48269
6265
7260
9691
112090
64391
7244
225164
629360
64391
8496
51022
157072
392030
2598192
270547
8665
467358
8022
2762511
9669
6945
69463
637954
631055
70667
73025
1594786
29172
166010
2018661
889485
433720
300843
495550
2762512
282301
8030
6238
53326
88201
392032
7574
151549
2762512
100268
6269
2598192
423536
2138241
2072580
27848
7936
6326
451379
300843
9009
9940
7962
28760
334426
637954
9749
9713
2011161
5886
153742
2011161
27915
143900
46433
29158
2903
2762511
61474
8355
2562237
9713
28743
61478
2011161
6523
282301
6938
1844966
135651
123851
2762511
2925
310955
6661
175774
27835
7200
7244
45351
29159
9083
387005
262921
8187
637853
281687
5932
407821
69293
433684
9838
6238
3906
64391
6293
37360
85310
217634
42514
885580
7994
103827
372326
5963
298350
425635
451742
51022
1561963
59785
6252
428564
1234261
307972
164328
2762511
468512
8208
637954
861768
363190
188477
629360
100452
2038154
6412
102285
118781
13616
89957
311494
2762511
317549
418985
132261
9764
2138241
390850
182803
7739
9601
8022
878477
5698
89951
299467
3870
390850
197152
91324
28829
1979941
45351
1746091
676789
8355
34839
45954
27915
1586481
51239
100452
667725
238744
7245
946362
27687
29172
51655
27848
2762512
143900
74940
8824
241478
13221
8128
1963864
1041015
105785
100452
104452
2011161
9646
1819745
6186
211598
7719
6954
8665
5974
1844966
29170
40085
29170
1090488
6257
2011161
175774
80966
310955
637954
2762511
6293
1844966
156563
7160
77065
34765
77166
36087
6269
433720
6290
91324
8496
77166
123851
2664684
51511
312471
51655
2790670
61478
192259
57421
82655
67767
62062
2593467
861788
1518452
29088
409849
9713
6269
370355
170557
61621
433720
77166
270547
73025
10212
32473
280406
6305
215402
428564
8400
10195
2652724
6087
8030
32473
30085
100452
355587
88201
2011161
8824
6661
2903
72004
9793
109280
637954
88201
51022
47969
55529
1676925
80966
1580589
30732
38569
34508
318479
8022
9764
428564
1486929
3888
72004
6192
7220
189913
246437
99883
6269
7962
99837
2861861
2762512
48799
245042
8168
34508
7395
452646
47308
96803
151035
2966
320908
428564
9049
1464854
310955
7048
2762511
861788
8400
224669
27845
5762
7962
113540
75299
278164
27915
61853
7994
988480
59479
6958
373956
8400
7962
118154
320908
46360
6105
74869
2861861
270547
1234261
9669
445787
375764
172846
8090
34504
7226
8840
4577
54390
7962
70667
143950
52904
34765
7739
118797
70415
38833
69293
182803
9643
7764
467358
1028688
74869
467358
8932
2038154
241478
6269
6269
182803
61180
2138241
45351
12968
36881
387005
8213
6265
445787
27915
13262
126957
6269
1890364
58242
282301
6319
8364
6550
299321
45464
861768
1534307
8508
6958
8032
230148
2762512
59818
1109342
144197
8400
7048
121845
8208
64176
100907
42192
1518452
7244
433684
60517
51329
75366
428564
77166
80966
72004
8167
7213
73025
30611
6319
143900
77166
35019
2762511
77166
35670
8030
121402
54343
9694
48701
188477
2018661
1586481
100452
1041015
307492
32507
55291
47308
6550
56216
186990
1580589
32264
1486046
8355
8022
6192
1844966
1563983
40348
642074
46360
230148
299467
74869
6265
441366
47308
2874296
310955
7962
76066
77166
6661
7461
6306
2762512
82655
2762512
241478
387005
100907
188132
36275
1028688
37653
8496
99883
6216
8475
170557
8496
48709
5936
118154
60516
54390
48396
13677
1594786
6290
81824
6239
8005
1416333
8022
1118560
7175
121402
8496
13191
59818
100452
40348
81824
188132
9913
6293
243314
6945
392030
7200
6239
905079
7048
28612
3880
320908
6269
57421
29170
9669
6313
9407
8022
6359
8208
30419
187451
6958
7719
13658
113540
99883
6319
30076
6958
121845
54380
137541
240159
9083
8208
321403
